[gd_scene load_steps=38 format=2]

[ext_resource path="res://addons/zylann.hterrain/hterrain.gd" type="Script" id=1]
[ext_resource path="res://assets/textures/cliff/Rock039_2K_Color.png" type="Texture" id=2]
[ext_resource path="res://assets/textures/cliff/Rock039_2K_Normal.png" type="Texture" id=3]
[ext_resource path="res://entities/donk.tscn" type="PackedScene" id=4]
[ext_resource path="res://bowl_data/data.hterrain" type="Resource" id=5]
[ext_resource path="res://scripts/bowl_terrain.gd" type="Script" id=6]
[ext_resource path="res://assets/textures/rock/Rock035_2K_Color.png" type="Texture" id=7]
[ext_resource path="res://assets/textures/rock/Rock035_2K_Roughness.png" type="Texture" id=8]
[ext_resource path="res://assets/textures/rock/Rock035_2K_Normal.png" type="Texture" id=9]
[ext_resource path="res://assets/textures/moon/nasa_al.jpg" type="Texture" id=10]
[ext_resource path="res://assets/textures/moon/oh my lordf.png" type="Texture" id=11]
[ext_resource path="res://assets/models/donk_mats/fur.png" type="Texture" id=12]
[ext_resource path="res://scripts/entities/black_hole_mesh.gd" type="Script" id=13]
[ext_resource path="res://assets/textures/path/Ground032_2K_Normal.png" type="Texture" id=14]
[ext_resource path="res://assets/textures/path/Ground032_2K_Color.png" type="Texture" id=15]
[ext_resource path="res://assets/textures/grass/Ground037_2K_Normal.png" type="Texture" id=16]
[ext_resource path="res://assets/textures/grass/Ground037_2K_Color.png" type="Texture" id=17]
[ext_resource path="res://assets/sounds/world/music/244417__lennyboy__scaryviolins.ogg" type="AudioStream" id=18]
[ext_resource path="res://assets/sounds/world/music/26722__leady__women-singing.wav" type="AudioStream" id=19]
[ext_resource path="res://entities/world/objects/arches/arch.tscn" type="PackedScene" id=20]
[ext_resource path="res://entities/world/objects/fence/FullFence4.tscn" type="PackedScene" id=21]
[ext_resource path="res://entities/world/terrain/fence.tscn" type="PackedScene" id=22]


[sub_resource type="BoxShape" id=1]

[sub_resource type="CubeMesh" id=2]

[sub_resource type="SpatialMaterial" id=3]
albedo_texture = ExtResource( 7 )
roughness_texture = ExtResource( 8 )
normal_enabled = true
normal_scale = 1.0
normal_texture = ExtResource( 9 )

[sub_resource type="Animation" id=4]
resource_name = "open_shutters"
step = 5.0
tracks/0/type = "value"
tracks/0/path = NodePath("roof_1:translation")
tracks/0/interp = 1
tracks/0/loop_wrap = true
tracks/0/imported = false
tracks/0/enabled = true
tracks/0/keys = {
"times": PoolRealArray( 0, 1 ),
"transitions": PoolRealArray( 1, 1 ),
"update": 0,
"values": [ Vector3( 44.4987, 130.342, 127.22 ), Vector3( -64.2512, 130.342, 127.22 ) ]
}
tracks/1/type = "value"
tracks/1/path = NodePath("roof_2:translation")
tracks/1/interp = 1
tracks/1/loop_wrap = true
tracks/1/imported = false
tracks/1/enabled = true
tracks/1/keys = {
"times": PoolRealArray( 0, 1 ),
"transitions": PoolRealArray( 1, 1 ),
"update": 0,
"values": [ Vector3( 204.538, 130.342, 127.22 ), Vector3( 320.03, 130.342, 127.22 ) ]
}

[sub_resource type="Animation" id=5]
resource_name = "look_at_roof"
tracks/0/type = "value"
tracks/0/path = NodePath(".:rotation_degrees")
tracks/0/interp = 1
tracks/0/loop_wrap = true
tracks/0/imported = false
tracks/0/enabled = true
tracks/0/keys = {
"times": PoolRealArray( 0, 0.3 ),
"transitions": PoolRealArray( 1, 1 ),
"update": 0,
"values": [ Vector3( 0, 180, 0 ), Vector3( 60, 180, 0 ) ]
}

[sub_resource type="Animation" id=6]
resource_name = "look_at_stuff"
tracks/0/type = "value"
tracks/0/path = NodePath(".:rotation_degrees")
tracks/0/interp = 1
tracks/0/loop_wrap = true
tracks/0/imported = false
tracks/0/enabled = true
tracks/0/keys = {
"times": PoolRealArray( 0, 0.3, 0.5, 0.8, 1 ),
"transitions": PoolRealArray( 1, 1, 1, 1, 1 ),
"update": 0,
"values": [ Vector3( 0, 180, 0 ), Vector3( 0, 180, 0 ), Vector3( -30, 180, 0 ), Vector3( -30, 180, 0 ), Vector3( 0, 180, 0 ) ]
}
tracks/1/type = "value"
tracks/1/path = NodePath(".:translation")
tracks/1/interp = 1
tracks/1/loop_wrap = true
tracks/1/imported = false
tracks/1/enabled = true
tracks/1/keys = {
"times": PoolRealArray( 0, 0.3 ),
"transitions": PoolRealArray( 1, 1 ),
"update": 0,
"values": [ Vector3( 131.102, 36.8582, 69.8766 ), Vector3( 131.102, 36.8582, 77.4428 ) ]
}

[sub_resource type="BoxShape" id=7]
extents = Vector3( 19.3223, 2.76996, 6.47646 )

[sub_resource type="SphereMesh" id=8]

[sub_resource type="SpatialMaterial" id=9]
albedo_texture = ExtResource( 10 )

[sub_resource type="Animation" id=10]
resource_name = "black_hole"
tracks/0/type = "value"
tracks/0/path = NodePath("black_hole_mesh/tentacles:modulate")
tracks/0/interp = 1
tracks/0/loop_wrap = true
tracks/0/imported = false
tracks/0/enabled = true
tracks/0/keys = {
"times": PoolRealArray( 0, 0.5, 1 ),
"transitions": PoolRealArray( 1, 1, 1 ),
"update": 0,
"values": [ Color( 1, 1, 1, 0 ), Color( 1, 1, 1, 0 ), Color( 1, 1, 1, 0.47451 ) ]
}
tracks/1/type = "value"
tracks/1/path = NodePath("black_hole_mesh/tentacles:scale")
tracks/1/interp = 1
tracks/1/loop_wrap = true
tracks/1/imported = false
tracks/1/enabled = true
tracks/1/keys = {
"times": PoolRealArray( 0.5, 1 ),
"transitions": PoolRealArray( 1, 1 ),
"update": 0,
"values": [ Vector3( 0.25, 0.25, 0.25 ), Vector3( 0.5, 0.5, 0.5 ) ]
}
tracks/2/type = "value"
tracks/2/path = NodePath("black_hole_mesh:visible")
tracks/2/interp = 1
tracks/2/loop_wrap = true
tracks/2/imported = false
tracks/2/enabled = true
tracks/2/keys = {
"times": PoolRealArray( 0 ),
"transitions": PoolRealArray( 1 ),
"update": 1,
"values": [ true ]
}
tracks/3/type = "value"
tracks/3/path = NodePath("black_hole_mesh:mesh:radius")
tracks/3/interp = 1
tracks/3/loop_wrap = true
tracks/3/imported = false
tracks/3/enabled = true
tracks/3/keys = {
"times": PoolRealArray( 0, 0.7 ),
"transitions": PoolRealArray( 1, 1 ),
"update": 0,
"values": [ 0.1, 1.0 ]
}
tracks/4/type = "value"
tracks/4/path = NodePath("black_hole_mesh:mesh:height")
tracks/4/interp = 1
tracks/4/loop_wrap = true
tracks/4/imported = false
tracks/4/enabled = true
tracks/4/keys = {
"times": PoolRealArray( 0, 0.7 ),
"transitions": PoolRealArray( 1, 1 ),
"update": 0,
"values": [ 0.2, 2.0 ]
}

[sub_resource type="Animation" id=11]
tracks/0/type = "value"
tracks/0/path = NodePath("moon_mesh:translation")
tracks/0/interp = 1
tracks/0/loop_wrap = true
tracks/0/imported = false
tracks/0/enabled = true
tracks/0/keys = {
"times": PoolRealArray( 0, 1 ),
"transitions": PoolRealArray( 1, 1 ),
"update": 0,
"values": [ Vector3( 128.245, 71.7643, 364.741 ), Vector3( 128.245, 451.256, 364.741 ) ]
}

[sub_resource type="SphereMesh" id=12]
radius = 0.1
height = 0.2

[sub_resource type="Shader" id=13]
code = "shader_type spatial;

const float uvScale = 1.0;
const float colorUvScale = 0.1;
const float furDepth = 0.2;
const int furLayers = 64;
const float rayStep = furDepth*2.0 / float(furLayers);
const float furThreshold = 0.4;
const float shininess = 50.0;

uniform sampler2D iChannel0 : hint_albedo;
uniform sampler2D iChannel1 : hint_albedo;

uniform float iTime;

bool intersectSphere(vec3 ro, vec3 rd, float r, out float t)
{
	float b = dot(-ro, rd);
	float det = b*b - dot(ro, ro) + r*r;
	if (det < 0.0) return false;
	det = sqrt(det);
	t = b - det;
	return t > 0.0;
}

vec3 rotateX(vec3 p, float a)
{
    float sa = sin(a);
    float ca = cos(a);
    return vec3(p.x, ca*p.y - sa*p.z, sa*p.y + ca*p.z);
}

vec3 rotateY(vec3 p, float a)
{
    float sa = sin(a);
    float ca = cos(a);
    return vec3(ca*p.x + sa*p.z, p.y, -sa*p.x + ca*p.z);
}

vec2 cartesianToSpherical(vec3 p)
{
	
	float r = length(p);

	float t = (r - (1.0 - furDepth)) / furDepth;	
	p = rotateX(p.zyx, -cos(iTime*1.5)*t*t*0.4).zyx;

	p /= r;	
	vec2 uv = vec2(atan(p.y, p.x), acos(p.z));

	uv.y -= t*t*0.1;	// curl down
	return uv;
}

// returns fur density at given position
float furDensity(vec3 pos, out vec2 uv)
{
	uv = cartesianToSpherical(pos.xzy);	
	vec4 tex = textureLod(iChannel0, uv*uvScale, 0.0);

	// thin out hair
	float density = smoothstep(furThreshold, 1.0, tex.x);
	
	float r = length(pos);
	float t = (r - (1.0 - furDepth)) / furDepth;
	
	// fade out along length
	float len = tex.y;
	density *= smoothstep(len, len-0.2, t);

	return density;	
}

// calculate normal from density
vec3 furNormal(vec3 pos, float density)
{
    float eps = 0.01;
    vec3 n;
	vec2 uv;
    n.x = furDensity( vec3(pos.x+eps, pos.y, pos.z), uv ) - density;
    n.y = furDensity( vec3(pos.x, pos.y+eps, pos.z), uv ) - density;
    n.z = furDensity( vec3(pos.x, pos.y, pos.z+eps), uv ) - density;
    return normalize(n);
}

vec3 furShade(vec3 pos, vec2 uv, vec3 ro, float density)
{
	// lighting
	const vec3 L = vec3(0, 1, 0);
	vec3 V = normalize(ro - pos);
	vec3 H = normalize(V + L);

	vec3 N = -furNormal(pos, density);
	//float diff = max(0.0, dot(N, L));
	float diff = max(0.0, dot(N, L)*0.5+0.5);
	float spec = pow(max(0.0, dot(N, H)), shininess);
	
	// base color
	vec3 color = textureLod(iChannel1, uv*colorUvScale, 0.0).xyz;

	// darken with depth
	float r = length(pos);
	float t = (r - (1.0 - furDepth)) / furDepth;
	t = clamp(t, 0.0, 1.0);
	float i = t*0.5+0.5;
		
	return color*diff*i + vec3(spec*i);
}		

vec4 scene(vec3 ro,vec3 rd)
{
	vec3 p = vec3(0.0);
	const float r = 1.0;
	float t;				  
	bool hit = intersectSphere(ro - p, rd, r, t);
	
	vec4 c = vec4(0.0);
	if (hit) {
		vec3 pos = ro + rd*t;

		// ray-march into volume
		for(int i=0; i<furLayers; i++) {
			vec4 sampleCol;
			vec2 uv;
			sampleCol.a = furDensity(pos, uv);
			if (sampleCol.a > 0.0) {
				sampleCol.rgb = furShade(pos, uv, ro, sampleCol.a);

				// pre-multiply alpha
				sampleCol.rgb *= sampleCol.a;
				c = c + sampleCol*(1.0 - c.a);
				if (c.a > 0.95) break;
			}
			
			pos += rd*rayStep;
		}
	}
	
	return c;
}

void fragment() {
	vec2 uv = FRAGCOORD.xy / VIEWPORT_SIZE.xy;
	uv = uv*2.0-1.0;
	uv.x *= VIEWPORT_SIZE.x / VIEWPORT_SIZE.y;
	vec3 ro = vec3(0.0, 0.0, 2.5);
	vec3 rd = normalize(vec3(uv, -2.0));
	vec4 sc = scene(ro, rd);
	
	vec3 al = sc.rgb;
	ALPHA = sc.a;
	ALBEDO = al;
}
"

[sub_resource type="ShaderMaterial" id=14]
shader = SubResource( 13 )
shader_param/iTime = null
shader_param/iChannel0 = ExtResource( 12 )
shader_param/iChannel1 = ExtResource( 12 )

[sub_resource type="Animation" id=15]
resource_name = "make_singing_louder"
tracks/0/type = "value"
tracks/0/path = NodePath("singing:volume_db")
tracks/0/interp = 1
tracks/0/loop_wrap = true
tracks/0/imported = false
tracks/0/enabled = true
tracks/0/keys = {
"times": PoolRealArray( 0, 1 ),
"transitions": PoolRealArray( 1, 1 ),
"update": 0,
"values": [ -1.0, 7.0 ]
}

[node name="bowl_terrain" type="Spatial"]
transform = Transform( 1, 0, 0, 0, 1, 0, 0, 0, 1, -51.098, -29.585, -76.88 )
script = ExtResource( 6 )

[node name="HTerrain" type="Spatial" parent="."]
script = ExtResource( 1 )
collision_enabled = true
ambient_wind = 0.0
lod_scale = 2.0
custom_globalmap_shader = null
map_scale = Vector3( 0.5, 1, 0.5 )
_terrain_data = ExtResource( 5 )
chunk_size = 32
shader_type = "Classic4Lite"
custom_shader = null
shader_params/u_ground_uv_scale = 20
shader_params/u_depth_blending = true
shader_params/u_triplanar = false
shader_params/u_tile_reduction = Plane( 0, 0, 0, 0 )
ground/albedo_bump_0 = ExtResource( 2 )
ground/normal_roughness_0 = ExtResource( 3 )
ground/albedo_bump_1 = ExtResource( 7 )
ground/normal_roughness_1 = ExtResource( 9 )
ground/albedo_bump_2 = ExtResource( 15 )
ground/normal_roughness_2 = ExtResource( 14 )
ground/albedo_bump_3 = ExtResource( 17 )
ground/normal_roughness_3 = ExtResource( 16 )

[node name="geometry" type="Spatial" parent="."]

[node name="walls" type="Spatial" parent="geometry"]

[node name="StaticBody" type="StaticBody" parent="geometry/walls"]
transform = Transform( 60, 0, 0, 0, 50, 0, 0, 0, 1, 62.7808, 79.8418, 1.18467 )

[node name="CollisionShape" type="CollisionShape" parent="geometry/walls/StaticBody"]
shape = SubResource( 1 )

[node name="MeshInstance" type="MeshInstance" parent="geometry/walls/StaticBody"]
mesh = SubResource( 2 )
material/0 = SubResource( 3 )

[node name="StaticBody7" type="StaticBody" parent="geometry/walls"]
transform = Transform( 125, 0, 0, 0, 50, 0, 0, 0, 1, 127.844, 79.8418, 239.967 )

[node name="CollisionShape" type="CollisionShape" parent="geometry/walls/StaticBody7"]
shape = SubResource( 1 )

[node name="MeshInstance" type="MeshInstance" parent="geometry/walls/StaticBody7"]
mesh = SubResource( 2 )
material/0 = SubResource( 3 )

[node name="StaticBody2" type="StaticBody" parent="geometry/walls"]
transform = Transform( 60, 0, 0, 0, 50, 0, 0, 0, 1, 194.009, 79.8418, 1.18467 )

[node name="CollisionShape" type="CollisionShape" parent="geometry/walls/StaticBody2"]
shape = SubResource( 1 )

[node name="MeshInstance" type="MeshInstance" parent="geometry/walls/StaticBody2"]
mesh = SubResource( 2 )
material/0 = SubResource( 3 )

[node name="StaticBody3" type="StaticBody" parent="geometry/walls"]
transform = Transform( -9.77524e-06, 0, 1, 0, 50, 0, -60, 0, -1.62921e-07, 253.208, 79.8418, 61.94 )

[node name="CollisionShape" type="CollisionShape" parent="geometry/walls/StaticBody3"]
shape = SubResource( 1 )

[node name="MeshInstance" type="MeshInstance" parent="geometry/walls/StaticBody3"]
mesh = SubResource( 2 )
material/0 = SubResource( 3 )

[node name="StaticBody4" type="StaticBody" parent="geometry/walls"]
transform = Transform( -9.77524e-06, 0, 1, 0, 50, 0, -60, 0, -1.62921e-07, 253.208, 79.8418, 181.847 )

[node name="CollisionShape" type="CollisionShape" parent="geometry/walls/StaticBody4"]
shape = SubResource( 1 )

[node name="MeshInstance" type="MeshInstance" parent="geometry/walls/StaticBody4"]
mesh = SubResource( 2 )
material/0 = SubResource( 3 )

[node name="StaticBody5" type="StaticBody" parent="geometry/walls"]
transform = Transform( -9.77524e-06, 0, 1, 0, 50, 0, -60, 0, -1.62921e-07, 3.78588, 79.8418, 61.8792 )

[node name="CollisionShape" type="CollisionShape" parent="geometry/walls/StaticBody5"]
shape = SubResource( 1 )

[node name="MeshInstance" type="MeshInstance" parent="geometry/walls/StaticBody5"]
mesh = SubResource( 2 )
material/0 = SubResource( 3 )

[node name="StaticBody6" type="StaticBody" parent="geometry/walls"]
transform = Transform( -9.77524e-06, 0, 1, 0, 50, 0, -60, 0, -1.62921e-07, 3.78588, 79.8418, 181.652 )

[node name="CollisionShape" type="CollisionShape" parent="geometry/walls/StaticBody6"]
shape = SubResource( 1 )

[node name="MeshInstance" type="MeshInstance" parent="geometry/walls/StaticBody6"]
mesh = SubResource( 2 )
material/0 = SubResource( 3 )

[node name="roofs" type="Spatial" parent="geometry"]

[node name="roof_1" type="StaticBody" parent="geometry/roofs"]
transform = Transform( -2.03651e-05, 80, -4.37114e-08, 0, -3.49691e-06, -1, -125, -1.30337e-05, 7.12149e-15, 44.4987, 130.342, 127.22 )

[node name="CollisionShape" type="CollisionShape" parent="geometry/roofs/roof_1"]
shape = SubResource( 1 )

[node name="MeshInstance" type="MeshInstance" parent="geometry/roofs/roof_1"]
mesh = SubResource( 2 )
material/0 = SubResource( 3 )

[node name="roof_2" type="StaticBody" parent="geometry/roofs"]
transform = Transform( -2.03651e-05, 80, -4.37114e-08, 0, -3.49691e-06, -1, -125, -1.30337e-05, 7.12149e-15, 204.538, 130.342, 127.22 )

[node name="CollisionShape" type="CollisionShape" parent="geometry/roofs/roof_2"]
shape = SubResource( 1 )

[node name="MeshInstance" type="MeshInstance" parent="geometry/roofs/roof_2"]
mesh = SubResource( 2 )
material/0 = SubResource( 3 )

[node name="AnimationPlayer" type="AnimationPlayer" parent="geometry/roofs"]
playback_speed = 0.08
anims/open_shutters = SubResource( 4 )

[node name="Camera" type="Camera" parent="geometry/roofs"]
transform = Transform( -1, 0, -8.74228e-08, 0, 1, 0, 8.74228e-08, 0, -1, 131.102, 36.8582, 69.8766 )
far = 999.0

[node name="AnimationPlayer" type="AnimationPlayer" parent="geometry/roofs/Camera"]
playback_speed = 0.15
anims/look_at_roof = SubResource( 5 )
anims/look_at_stuff = SubResource( 6 )

[node name="final_cutscene_trigger_delay" type="Timer" parent="geometry/roofs"]
wait_time = 2.0
one_shot = true

[node name="donk_congree" type="Spatial" parent="."]
transform = Transform( 1, 0, 0, 0, 1, 0, 0, 0, 1, 0.260162, 16.2076, 33.3219 )

[node name="donk" parent="donk_congree" instance=ExtResource( 4 )]
transform = Transform( -0.988327, 0, -0.152347, 0, 1, 0, 0.152347, 0, -0.988327, 101.266, -5.70246, 132.719 )

[node name="donk2" parent="donk_congree" instance=ExtResource( 4 )]
transform = Transform( -0.999487, 0, 0.0320389, 0, 1, 0, -0.0320389, 0, -0.999487, 91.0936, -5.70246, 132.719 )

[node name="donk3" parent="donk_congree" instance=ExtResource( 4 )]
transform = Transform( -0.993015, 0, 0.117988, 0, 1, 0, -0.117988, 0, -0.993015, 84.2524, -5.70246, 126.305 )

[node name="donk4" parent="donk_congree" instance=ExtResource( 4 )]
transform = Transform( -0.993015, 0, 0.117988, 0, 1, 0, -0.117988, 0, -0.993015, 95.3451, -5.70246, 126.305 )

[node name="donk5" parent="donk_congree" instance=ExtResource( 4 )]
transform = Transform( -0.993015, 0, 0.117988, 0, 1, 0, -0.117988, 0, -0.993015, 105.719, -5.70246, 126.305 )

[node name="donk6" parent="donk_congree" instance=ExtResource( 4 )]
transform = Transform( -0.993015, 0, 0.117988, 0, 1, 0, -0.117988, 0, -0.993015, 101.673, -5.70246, 120.044 )

[node name="donk7" parent="donk_congree" instance=ExtResource( 4 )]
transform = Transform( -0.993015, 0, 0.117988, 0, 1, 0, -0.117988, 0, -0.993015, 91.9053, -5.70246, 120.044 )

[node name="donk8" parent="donk_congree" instance=ExtResource( 4 )]
transform = Transform( -0.993015, 0, 0.117988, 0, 1, 0, -0.117988, 0, -0.993015, 81.9053, -5.70246, 119.044 )

[node name="donk9" parent="donk_congree" instance=ExtResource( 4 )]
transform = Transform( -0.993015, 0, 0.117988, 0, 1, 0, -0.117988, 0, -0.993015, 110.911, -5.70246, 121.069 )

[node name="donk10" parent="donk_congree" instance=ExtResource( 4 )]
transform = Transform( -0.993015, 0, 0.117988, 0, 1, 0, -0.117988, 0, -0.993015, 117.068, -5.70246, 111.595 )

[node name="donk11" parent="donk_congree" instance=ExtResource( 4 )]
transform = Transform( -0.993015, 0, 0.117988, 0, 1, 0, -0.117988, 0, -0.993015, 107.283, -5.70246, 111.595 )

[node name="donk12" parent="donk_congree" instance=ExtResource( 4 )]
transform = Transform( -0.993015, 0, 0.117988, 0, 1, 0, -0.117988, 0, -0.993015, 98.2831, -5.70246, 111.595 )

[node name="donk13" parent="donk_congree" instance=ExtResource( 4 )]
transform = Transform( -0.993015, 0, 0.117988, 0, 1, 0, -0.117988, 0, -0.993015, 88.2831, -5.70246, 111.595 )

[node name="donk14" parent="donk_congree" instance=ExtResource( 4 )]
transform = Transform( -0.993015, 0, 0.117988, 0, 1, 0, -0.117988, 0, -0.993015, 84.2146, -5.70246, 105.676 )

[node name="donk17" parent="donk_congree" instance=ExtResource( 4 )]
transform = Transform( -0.993015, 0, 0.117988, 0, 1, 0, -0.117988, 0, -0.993015, 94.3255, -5.70246, 105.676 )

[node name="donk18" parent="donk_congree" instance=ExtResource( 4 )]
transform = Transform( -0.993015, 0, 0.117988, 0, 1, 0, -0.117988, 0, -0.993015, 102.279, -5.70246, 105.676 )

[node name="donk19" parent="donk_congree" instance=ExtResource( 4 )]
transform = Transform( -0.993015, 0, 0.117988, 0, 1, 0, -0.117988, 0, -0.993015, 111.15, -5.70246, 105.676 )

[node name="donk20" parent="donk_congree" instance=ExtResource( 4 )]
transform = Transform( -0.993015, 0, 0.117988, 0, 1, 0, -0.117988, 0, -0.993015, 121.174, -5.70246, 105.676 )

[node name="donk21" parent="donk_congree" instance=ExtResource( 4 )]
transform = Transform( -0.993015, 0, 0.117988, 0, 1, 0, -0.117988, 0, -0.993015, 129.574, -5.70246, 105.676 )

[node name="donk22" parent="donk_congree" instance=ExtResource( 4 )]
transform = Transform( -0.998342, 0, 0.0575642, 0, 1, 0, -0.0575642, 0, -0.998342, 138.753, -5.70246, 105.676 )

[node name="donk23" parent="donk_congree" instance=ExtResource( 4 )]
transform = Transform( -0.998342, 0, 0.0575642, 0, 1, 0, -0.0575642, 0, -0.998342, 148.354, -5.70246, 105.566 )

[node name="donk24" parent="donk_congree" instance=ExtResource( 4 )]
transform = Transform( -0.998342, 0, 0.0575642, 0, 1, 0, -0.0575642, 0, -0.998342, 157.991, -5.70246, 105.566 )

[node name="donk25" parent="donk_congree" instance=ExtResource( 4 )]
transform = Transform( -0.998342, 0, 0.0575642, 0, 1, 0, -0.0575642, 0, -0.998342, 167.75, -5.70246, 105.566 )

[node name="donk26" parent="donk_congree" instance=ExtResource( 4 )]
transform = Transform( -0.998342, 0, 0.0575642, 0, 1, 0, -0.0575642, 0, -0.998342, 177.373, -5.70246, 105.566 )

[node name="donk15" parent="donk_congree" instance=ExtResource( 4 )]
transform = Transform( -0.993015, 0, 0.117988, 0, 1, 0, -0.117988, 0, -0.993015, 88.5822, -5.70246, 98.2935 )

[node name="donk30" parent="donk_congree" instance=ExtResource( 4 )]
transform = Transform( -0.993015, 0, 0.117988, 0, 1, 0, -0.117988, 0, -0.993015, 98.6932, -5.70246, 98.2935 )

[node name="donk31" parent="donk_congree" instance=ExtResource( 4 )]
transform = Transform( -0.993015, 0, 0.117988, 0, 1, 0, -0.117988, 0, -0.993015, 106.647, -5.70246, 98.2935 )

[node name="donk32" parent="donk_congree" instance=ExtResource( 4 )]
transform = Transform( -0.993015, 0, 0.117988, 0, 1, 0, -0.117988, 0, -0.993015, 115.517, -5.70246, 98.2935 )

[node name="donk33" parent="donk_congree" instance=ExtResource( 4 )]
transform = Transform( -0.993015, 0, 0.117988, 0, 1, 0, -0.117988, 0, -0.993015, 125.542, -5.70246, 98.2935 )

[node name="donk34" parent="donk_congree" instance=ExtResource( 4 )]
transform = Transform( -0.993015, 0, 0.117988, 0, 1, 0, -0.117988, 0, -0.993015, 133.942, -5.70246, 98.2935 )

[node name="donk35" parent="donk_congree" instance=ExtResource( 4 )]
transform = Transform( -0.998342, 0, 0.0575642, 0, 1, 0, -0.0575642, 0, -0.998342, 143.12, -5.70246, 98.2935 )

[node name="donk36" parent="donk_congree" instance=ExtResource( 4 )]
transform = Transform( -0.998342, 0, 0.0575642, 0, 1, 0, -0.0575642, 0, -0.998342, 152.722, -5.70246, 98.1832 )

[node name="donk37" parent="donk_congree" instance=ExtResource( 4 )]
transform = Transform( -0.998342, 0, 0.0575642, 0, 1, 0, -0.0575642, 0, -0.998342, 162.358, -5.70246, 98.1832 )

[node name="donk38" parent="donk_congree" instance=ExtResource( 4 )]
transform = Transform( -0.998342, 0, 0.0575642, 0, 1, 0, -0.0575642, 0, -0.998342, 172.118, -5.70246, 98.1832 )

[node name="donk39" parent="donk_congree" instance=ExtResource( 4 )]
transform = Transform( -0.998342, 0, 0.0575642, 0, 1, 0, -0.0575642, 0, -0.998342, 181.741, -5.70246, 98.1832 )

[node name="donk16" parent="donk_congree" instance=ExtResource( 4 )]
transform = Transform( -0.993015, 0, 0.117988, 0, 1, 0, -0.117988, 0, -0.993015, 82.7744, -5.70246, 90.3063 )

[node name="donk40" parent="donk_congree" instance=ExtResource( 4 )]
transform = Transform( -0.993015, 0, 0.117988, 0, 1, 0, -0.117988, 0, -0.993015, 92.8854, -5.70246, 90.3063 )

[node name="donk41" parent="donk_congree" instance=ExtResource( 4 )]
transform = Transform( -0.993015, 0, 0.117988, 0, 1, 0, -0.117988, 0, -0.993015, 100.839, -5.70246, 90.3063 )

[node name="donk42" parent="donk_congree" instance=ExtResource( 4 )]
transform = Transform( -0.993015, 0, 0.117988, 0, 1, 0, -0.117988, 0, -0.993015, 109.709, -5.70246, 90.3063 )

[node name="donk43" parent="donk_congree" instance=ExtResource( 4 )]
transform = Transform( -0.993015, 0, 0.117988, 0, 1, 0, -0.117988, 0, -0.993015, 119.734, -5.70246, 90.3063 )

[node name="donk44" parent="donk_congree" instance=ExtResource( 4 )]
transform = Transform( -0.993015, 0, 0.117988, 0, 1, 0, -0.117988, 0, -0.993015, 128.134, -5.70246, 90.3063 )

[node name="donk45" parent="donk_congree" instance=ExtResource( 4 )]
transform = Transform( -0.998342, 0, 0.0575642, 0, 1, 0, -0.0575642, 0, -0.998342, 137.312, -5.70246, 90.3063 )

[node name="donk46" parent="donk_congree" instance=ExtResource( 4 )]
transform = Transform( -0.998342, 0, 0.0575642, 0, 1, 0, -0.0575642, 0, -0.998342, 146.914, -5.70246, 90.196 )

[node name="donk47" parent="donk_congree" instance=ExtResource( 4 )]
transform = Transform( -0.998342, 0, 0.0575642, 0, 1, 0, -0.0575642, 0, -0.998342, 156.551, -5.70246, 90.196 )

[node name="donk48" parent="donk_congree" instance=ExtResource( 4 )]
transform = Transform( -0.998342, 0, 0.0575642, 0, 1, 0, -0.0575642, 0, -0.998342, 166.31, -5.70246, 90.196 )

[node name="donk49" parent="donk_congree" instance=ExtResource( 4 )]
transform = Transform( -0.998342, 0, 0.0575642, 0, 1, 0, -0.0575642, 0, -0.998342, 175.933, -5.70246, 90.196 )

[node name="donk50" parent="donk_congree" instance=ExtResource( 4 )]
transform = Transform( -0.993015, 0, 0.117988, 0, 1, 0, -0.117988, 0, -0.993015, 88.2616, -5.70246, 83.4057 )

[node name="donk51" parent="donk_congree" instance=ExtResource( 4 )]
transform = Transform( -0.993015, 0, 0.117988, 0, 1, 0, -0.117988, 0, -0.993015, 98.3725, -5.70246, 83.4057 )

[node name="donk52" parent="donk_congree" instance=ExtResource( 4 )]
transform = Transform( -0.993015, 0, 0.117988, 0, 1, 0, -0.117988, 0, -0.993015, 106.326, -5.70246, 83.4057 )

[node name="donk53" parent="donk_congree" instance=ExtResource( 4 )]
transform = Transform( -0.993015, 0, 0.117988, 0, 1, 0, -0.117988, 0, -0.993015, 115.197, -5.70246, 83.4057 )

[node name="donk54" parent="donk_congree" instance=ExtResource( 4 )]
transform = Transform( -0.993015, 0, 0.117988, 0, 1, 0, -0.117988, 0, -0.993015, 125.221, -5.70246, 83.4057 )

[node name="donk55" parent="donk_congree" instance=ExtResource( 4 )]
transform = Transform( -0.993015, 0, 0.117988, 0, 1, 0, -0.117988, 0, -0.993015, 133.621, -5.70246, 83.4057 )

[node name="donk56" parent="donk_congree" instance=ExtResource( 4 )]
transform = Transform( -0.998342, 0, 0.0575642, 0, 1, 0, -0.0575642, 0, -0.998342, 142.8, -5.70246, 83.4057 )

[node name="donk57" parent="donk_congree" instance=ExtResource( 4 )]
transform = Transform( -0.998342, 0, 0.0575642, 0, 1, 0, -0.0575642, 0, -0.998342, 152.401, -5.70246, 83.2954 )

[node name="donk58" parent="donk_congree" instance=ExtResource( 4 )]
transform = Transform( -0.998342, 0, 0.0575642, 0, 1, 0, -0.0575642, 0, -0.998342, 162.038, -5.70246, 83.2954 )

[node name="donk59" parent="donk_congree" instance=ExtResource( 4 )]
transform = Transform( -0.998342, 0, 0.0575642, 0, 1, 0, -0.0575642, 0, -0.998342, 171.797, -5.70246, 83.2954 )

[node name="donk61" parent="donk_congree" instance=ExtResource( 4 )]
transform = Transform( -0.993015, 0, 0.117988, 0, 1, 0, -0.117988, 0, -0.993015, 92.9224, -5.70246, 77.8835 )

[node name="donk62" parent="donk_congree" instance=ExtResource( 4 )]
transform = Transform( -0.993015, 0, 0.117988, 0, 1, 0, -0.117988, 0, -0.993015, 103.033, -5.70246, 77.8835 )

[node name="donk63" parent="donk_congree" instance=ExtResource( 4 )]
transform = Transform( -0.993015, 0, 0.117988, 0, 1, 0, -0.117988, 0, -0.993015, 110.987, -5.70246, 77.8835 )

[node name="donk64" parent="donk_congree" instance=ExtResource( 4 )]
transform = Transform( -0.993015, 0, 0.117988, 0, 1, 0, -0.117988, 0, -0.993015, 119.857, -5.70246, 77.8835 )

[node name="donk65" parent="donk_congree" instance=ExtResource( 4 )]
transform = Transform( -0.993015, 0, 0.117988, 0, 1, 0, -0.117988, 0, -0.993015, 129.882, -5.70246, 77.8835 )

[node name="donk66" parent="donk_congree" instance=ExtResource( 4 )]
transform = Transform( -0.993015, 0, 0.117988, 0, 1, 0, -0.117988, 0, -0.993015, 138.282, -5.70246, 77.8835 )

[node name="donk67" parent="donk_congree" instance=ExtResource( 4 )]
transform = Transform( -0.998342, 0, 0.0575642, 0, 1, 0, -0.0575642, 0, -0.998342, 147.46, -5.70246, 77.8835 )

[node name="donk68" parent="donk_congree" instance=ExtResource( 4 )]
transform = Transform( -0.998342, 0, 0.0575642, 0, 1, 0, -0.0575642, 0, -0.998342, 157.062, -5.70246, 77.7732 )

[node name="donk69" parent="donk_congree" instance=ExtResource( 4 )]
transform = Transform( -0.998342, 0, 0.0575642, 0, 1, 0, -0.0575642, 0, -0.998342, 166.699, -5.70246, 77.7732 )

[node name="donk70" parent="donk_congree" instance=ExtResource( 4 )]
transform = Transform( -0.993015, 0, 0.117988, 0, 1, 0, -0.117988, 0, -0.993015, 97.5373, -5.70246, 71.7765 )

[node name="donk71" parent="donk_congree" instance=ExtResource( 4 )]
transform = Transform( -0.993015, 0, 0.117988, 0, 1, 0, -0.117988, 0, -0.993015, 107.648, -5.70246, 71.7765 )

[node name="donk72" parent="donk_congree" instance=ExtResource( 4 )]
transform = Transform( -0.993015, 0, 0.117988, 0, 1, 0, -0.117988, 0, -0.993015, 115.602, -5.70246, 71.7765 )

[node name="donk73" parent="donk_congree" instance=ExtResource( 4 )]
transform = Transform( -0.993015, 0, 0.117988, 0, 1, 0, -0.117988, 0, -0.993015, 124.472, -5.70246, 71.7765 )

[node name="donk74" parent="donk_congree" instance=ExtResource( 4 )]
transform = Transform( -0.993015, 0, 0.117988, 0, 1, 0, -0.117988, 0, -0.993015, 134.497, -5.70246, 71.7765 )

[node name="donk75" parent="donk_congree" instance=ExtResource( 4 )]
transform = Transform( -0.993015, 0, 0.117988, 0, 1, 0, -0.117988, 0, -0.993015, 142.897, -5.70246, 71.7765 )

[node name="donk76" parent="donk_congree" instance=ExtResource( 4 )]
transform = Transform( -0.998342, 0, 0.0575642, 0, 1, 0, -0.0575642, 0, -0.998342, 152.075, -5.70246, 71.7765 )

[node name="donk77" parent="donk_congree" instance=ExtResource( 4 )]
transform = Transform( -0.998342, 0, 0.0575642, 0, 1, 0, -0.0575642, 0, -0.998342, 161.677, -5.70246, 71.6662 )

[node name="donk78" parent="donk_congree" instance=ExtResource( 4 )]
transform = Transform( -0.998342, 0, 0.0575642, 0, 1, 0, -0.0575642, 0, -0.998342, 171.314, -5.70246, 71.6662 )

[node name="donk80" parent="donk_congree" instance=ExtResource( 4 )]
transform = Transform( -0.993015, 0, 0.117988, 0, 1, 0, -0.117988, 0, -0.993015, 101.084, -5.70246, 65.4657 )

[node name="donk81" parent="donk_congree" instance=ExtResource( 4 )]
transform = Transform( -0.993015, 0, 0.117988, 0, 1, 0, -0.117988, 0, -0.993015, 109.037, -5.70246, 65.4657 )

[node name="donk82" parent="donk_congree" instance=ExtResource( 4 )]
transform = Transform( -0.993015, 0, 0.117988, 0, 1, 0, -0.117988, 0, -0.993015, 117.908, -5.70246, 65.4657 )

[node name="donk83" parent="donk_congree" instance=ExtResource( 4 )]
transform = Transform( -0.993015, 0, 0.117988, 0, 1, 0, -0.117988, 0, -0.993015, 127.932, -5.70246, 65.4657 )

[node name="donk84" parent="donk_congree" instance=ExtResource( 4 )]
transform = Transform( -0.993015, 0, 0.117988, 0, 1, 0, -0.117988, 0, -0.993015, 136.332, -5.70246, 65.4657 )

[node name="donk85" parent="donk_congree" instance=ExtResource( 4 )]
transform = Transform( -0.998342, 0, 0.0575642, 0, 1, 0, -0.0575642, 0, -0.998342, 145.511, -5.70246, 65.4657 )

[node name="donk86" parent="donk_congree" instance=ExtResource( 4 )]
transform = Transform( -0.998342, 0, 0.0575642, 0, 1, 0, -0.0575642, 0, -0.998342, 155.113, -5.70246, 65.3554 )

[node name="donk87" parent="donk_congree" instance=ExtResource( 4 )]
transform = Transform( -0.998342, 0, 0.0575642, 0, 1, 0, -0.0575642, 0, -0.998342, 164.749, -5.70246, 65.3554 )

[node name="donk88" parent="donk_congree" instance=ExtResource( 4 )]
transform = Transform( -0.993015, 0, 0.117988, 0, 1, 0, -0.117988, 0, -0.993015, 95.3308, -5.70246, 59.8616 )

[node name="donk89" parent="donk_congree" instance=ExtResource( 4 )]
transform = Transform( -0.993015, 0, 0.117988, 0, 1, 0, -0.117988, 0, -0.993015, 105.442, -5.70246, 59.8616 )

[node name="donk90" parent="donk_congree" instance=ExtResource( 4 )]
transform = Transform( -0.993015, 0, 0.117988, 0, 1, 0, -0.117988, 0, -0.993015, 113.395, -5.70246, 59.8616 )

[node name="donk91" parent="donk_congree" instance=ExtResource( 4 )]
transform = Transform( -0.993015, 0, 0.117988, 0, 1, 0, -0.117988, 0, -0.993015, 122.266, -5.70246, 59.8616 )

[node name="donk92" parent="donk_congree" instance=ExtResource( 4 )]
transform = Transform( -0.993015, 0, 0.117988, 0, 1, 0, -0.117988, 0, -0.993015, 132.29, -5.70246, 59.8616 )

[node name="donk93" parent="donk_congree" instance=ExtResource( 4 )]
transform = Transform( -0.993015, 0, 0.117988, 0, 1, 0, -0.117988, 0, -0.993015, 140.691, -5.70246, 59.8616 )

[node name="donk94" parent="donk_congree" instance=ExtResource( 4 )]
transform = Transform( -0.998342, 0, 0.0575642, 0, 1, 0, -0.0575642, 0, -0.998342, 149.869, -5.70246, 59.8616 )

[node name="donk95" parent="donk_congree" instance=ExtResource( 4 )]
transform = Transform( -0.998342, 0, 0.0575642, 0, 1, 0, -0.0575642, 0, -0.998342, 159.471, -5.70246, 59.7513 )

[node name="donk27" parent="donk_congree" instance=ExtResource( 4 )]
transform = Transform( -0.998342, 0, 0.0575642, 0, 1, 0, -0.0575642, 0, -0.998342, 177.763, -5.70246, 111.166 )

[node name="donk28" parent="donk_congree" instance=ExtResource( 4 )]
transform = Transform( -0.998342, 0, 0.0575642, 0, 1, 0, -0.0575642, 0, -0.998342, 164.768, -6.11307, 110.34 )

[node name="donk29" parent="donk_congree" instance=ExtResource( 4 )]
transform = Transform( -0.998342, 0, 0.0575642, 0, 1, 0, -0.0575642, 0, -0.998342, 153.766, -6.06174, 110.059 )

[node name="donk60" parent="donk_congree" instance=ExtResource( 4 )]
transform = Transform( -0.998342, 0, 0.0575642, 0, 1, 0, -0.0575642, 0, -0.998342, 103.755, 3.58364, 148.896 )

[node name="donk79" parent="donk_congree" instance=ExtResource( 4 )]
transform = Transform( -0.998342, 0, 0.0575642, 0, 1, 0, -0.0575642, 0, -0.998342, 90.7599, 3.17304, 148.07 )

[node name="donk96" parent="donk_congree" instance=ExtResource( 4 )]
transform = Transform( -0.998342, 0, 0.0575642, 0, 1, 0, -0.0575642, 0, -0.998342, 79.7574, 3.22436, 147.79 )

[node name="donk97" parent="donk_congree" instance=ExtResource( 4 )]
transform = Transform( -0.998342, 0, 0.0575642, 0, 1, 0, -0.0575642, 0, -0.998342, 87.3679, 3.58364, 156.405 )

[node name="donk98" parent="donk_congree" instance=ExtResource( 4 )]
transform = Transform( -0.998342, 0, 0.0575642, 0, 1, 0, -0.0575642, 0, -0.998342, 74.3732, 3.17304, 155.579 )

[node name="donk99" parent="donk_congree" instance=ExtResource( 4 )]
transform = Transform( -0.998342, 0, 0.0575642, 0, 1, 0, -0.0575642, 0, -0.998342, 63.3707, 3.22436, 155.298 )

[node name="donk100" parent="donk_congree" instance=ExtResource( 4 )]
transform = Transform( -0.998342, 0, 0.0575642, 0, 1, 0, -0.0575642, 0, -0.998342, 120.805, 3.58364, 156.405 )

[node name="donk101" parent="donk_congree" instance=ExtResource( 4 )]
transform = Transform( -0.998342, 0, 0.0575642, 0, 1, 0, -0.0575642, 0, -0.998342, 107.81, 3.17304, 155.579 )

[node name="donk102" parent="donk_congree" instance=ExtResource( 4 )]
transform = Transform( -0.998342, 0, 0.0575642, 0, 1, 0, -0.0575642, 0, -0.998342, 96.8079, 3.22436, 155.298 )

[node name="donk103" parent="donk_congree" instance=ExtResource( 4 )]
transform = Transform( -0.998342, 0, 0.0575642, 0, 1, 0, -0.0575642, 0, -0.998342, 126.09, 3.58364, 162.043 )

[node name="donk104" parent="donk_congree" instance=ExtResource( 4 )]
transform = Transform( -0.998342, 0, 0.0575642, 0, 1, 0, -0.0575642, 0, -0.998342, 113.095, 3.17304, 161.217 )

[node name="donk105" parent="donk_congree" instance=ExtResource( 4 )]
transform = Transform( -0.998342, 0, 0.0575642, 0, 1, 0, -0.0575642, 0, -0.998342, 102.093, 3.22436, 160.936 )

[node name="donk106" parent="donk_congree" instance=ExtResource( 4 )]
transform = Transform( -0.998342, 0, 0.0575642, 0, 1, 0, -0.0575642, 0, -0.998342, 138.124, 3.58364, 152.588 )

[node name="donk107" parent="donk_congree" instance=ExtResource( 4 )]
transform = Transform( -0.998342, 0, 0.0575642, 0, 1, 0, -0.0575642, 0, -0.998342, 125.13, 3.17304, 151.762 )

[node name="donk108" parent="donk_congree" instance=ExtResource( 4 )]
transform = Transform( -0.998342, 0, 0.0575642, 0, 1, 0, -0.0575642, 0, -0.998342, 114.127, 3.22436, 151.481 )

[node name="donk109" parent="donk_congree" instance=ExtResource( 4 )]
transform = Transform( -0.998342, 0, 0.0575642, 0, 1, 0, -0.0575642, 0, -0.998342, 138.124, 3.58364, 144.1 )

[node name="donk110" parent="donk_congree" instance=ExtResource( 4 )]
transform = Transform( -0.998342, 0, 0.0575642, 0, 1, 0, -0.0575642, 0, -0.998342, 125.13, 3.17304, 143.274 )

[node name="donk111" parent="donk_congree" instance=ExtResource( 4 )]
transform = Transform( -0.998342, 0, 0.0575642, 0, 1, 0, -0.0575642, 0, -0.998342, 114.127, 3.22436, 142.993 )

[node name="donk112" parent="donk_congree" instance=ExtResource( 4 )]
transform = Transform( -0.998342, 0, 0.0575642, 0, 1, 0, -0.0575642, 0, -0.998342, 171.227, 3.58364, 144.1 )

[node name="donk113" parent="donk_congree" instance=ExtResource( 4 )]
transform = Transform( -0.998342, 0, 0.0575642, 0, 1, 0, -0.0575642, 0, -0.998342, 158.233, 3.17304, 143.274 )

[node name="donk114" parent="donk_congree" instance=ExtResource( 4 )]
transform = Transform( -0.998342, 0, 0.0575642, 0, 1, 0, -0.0575642, 0, -0.998342, 147.23, 3.22436, 142.993 )

[node name="donk115" parent="donk_congree" instance=ExtResource( 4 )]
transform = Transform( -0.998342, 0, 0.0575642, 0, 1, 0, -0.0575642, 0, -0.998342, 154.345, 3.58364, 138.409 )

[node name="donk116" parent="donk_congree" instance=ExtResource( 4 )]
transform = Transform( -0.998342, 0, 0.0575642, 0, 1, 0, -0.0575642, 0, -0.998342, 141.35, 3.17304, 137.584 )

[node name="donk117" parent="donk_congree" instance=ExtResource( 4 )]
transform = Transform( -0.998342, 0, 0.0575642, 0, 1, 0, -0.0575642, 0, -0.998342, 130.348, 3.22436, 137.303 )

[node name="donk118" parent="donk_congree" instance=ExtResource( 4 )]
transform = Transform( -0.998342, 0, 0.0575642, 0, 1, 0, -0.0575642, 0, -0.998342, 185.95, 3.58364, 138.409 )

[node name="donk119" parent="donk_congree" instance=ExtResource( 4 )]
transform = Transform( -0.998342, 0, 0.0575642, 0, 1, 0, -0.0575642, 0, -0.998342, 172.955, 3.17304, 137.584 )

[node name="donk120" parent="donk_congree" instance=ExtResource( 4 )]
transform = Transform( -0.998342, 0, 0.0575642, 0, 1, 0, -0.0575642, 0, -0.998342, 161.952, 3.22436, 137.303 )

[node name="donk121" parent="donk_congree" instance=ExtResource( 4 )]
transform = Transform( -0.998342, 0, 0.0575642, 0, 1, 0, -0.0575642, 0, -0.998342, 193.654, 3.58364, 133.478 )

[node name="donk122" parent="donk_congree" instance=ExtResource( 4 )]
transform = Transform( -0.998342, 0, 0.0575642, 0, 1, 0, -0.0575642, 0, -0.998342, 180.659, 3.17304, 132.652 )

[node name="donk123" parent="donk_congree" instance=ExtResource( 4 )]
transform = Transform( -0.998342, 0, 0.0575642, 0, 1, 0, -0.0575642, 0, -0.998342, 169.656, 3.22436, 132.371 )

[node name="donk124" parent="donk_congree" instance=ExtResource( 4 )]
transform = Transform( -0.998342, 0, 0.0575642, 0, 1, 0, -0.0575642, 0, -0.998342, 159.264, 3.58364, 133.478 )

[node name="donk125" parent="donk_congree" instance=ExtResource( 4 )]
transform = Transform( -0.998342, 0, 0.0575642, 0, 1, 0, -0.0575642, 0, -0.998342, 146.269, 3.17304, 132.652 )

[node name="donk126" parent="donk_congree" instance=ExtResource( 4 )]
transform = Transform( -0.998342, 0, 0.0575642, 0, 1, 0, -0.0575642, 0, -0.998342, 135.267, 3.22436, 132.371 )

[node name="donk127" parent="donk_congree" instance=ExtResource( 4 )]
transform = Transform( -0.998342, 0, 0.0575642, 0, 1, 0, -0.0575642, 0, -0.998342, 152.926, 3.58364, 126.013 )

[node name="donk128" parent="donk_congree" instance=ExtResource( 4 )]
transform = Transform( -0.998342, 0, 0.0575642, 0, 1, 0, -0.0575642, 0, -0.998342, 139.932, 3.17304, 125.187 )

[node name="donk129" parent="donk_congree" instance=ExtResource( 4 )]
transform = Transform( -0.998342, 0, 0.0575642, 0, 1, 0, -0.0575642, 0, -0.998342, 128.929, 3.22436, 124.907 )

[node name="donk130" parent="donk_congree" instance=ExtResource( 4 )]
transform = Transform( -0.998342, 0, 0.0575642, 0, 1, 0, -0.0575642, 0, -0.998342, 187.997, 3.58364, 126.013 )

[node name="donk131" parent="donk_congree" instance=ExtResource( 4 )]
transform = Transform( -0.998342, 0, 0.0575642, 0, 1, 0, -0.0575642, 0, -0.998342, 175.003, 3.17304, 125.187 )

[node name="donk132" parent="donk_congree" instance=ExtResource( 4 )]
